[[446, 306], [451, 232], [229, 315], [323, 451], [40, 487], [40, 487], 89]
[[212, 430], [482, 303], [117, 422], [373, 300], [135, 239], [135, 239], 140]
[[235, 290], [307, 453], [292, 70], [292, 70], 34]
[[268, 110], [235, 141], [127, 385], [156, 414], [156, 414], 185]
[[205, 380], [163, 309], [412, 287], [384, 264], [186, 275], [186, 275], 215]
[[0, 80], [150, 30], [301, 368], [263, 50], [60, 205], [376, 305], [442, 123], [163, 202], [163, 202], 103]
[[497, 352], [27, 472], [483, 237], [444, 227], [416, 125], [48, 458], [192, 292], [380, 388], [324, 323], [183, 463], [183, 463], 82]
[[392, 324], [290, 267], [69, 101], [121, 1], [64, 285], [493, 183], [190, 171], [96, 455], [312, 307], [393, 413], [393, 413], 168]
[[100, 493], [498, 200], [117, 390], [316, 127], [61, 144], [318, 312], [27, 10], [27, 10], 127]
[[426, 9], [180, 492], [141, 221], [189, 430], [451, 373], [193, 241], [411, 58], [213, 289], [479, 135], [479, 135], 206]
[[471, 395], [38, 498], [480, 401], [507, 315], [507, 315], 52]
[[198, 153], [36, 492], [165, 296], [221, 446], [232, 66], [232, 66], 73]
[[481, 344], [301, 123], [423, 324], [423, 324], 56]
[[178, 420], [298, 205], [488, 221], [42, 143], [134, 359], [484, 104], [293, 386], [307, 44], [291, 107], [216, 426], [157, 343], [157, 343], 121]
[[235, 460], [386, 468], [182, 10], [182, 10], 48]
[[26, 11], [415, 276], [113, 186], [88, 62], [172, 494], [76, 450], [313, 425], [185, 289], [295, 314], [295, 314], 46]
[[232, 476], [461, 466], [380, 144], [443, 314], [322, 165], [417, 492], [411, 191], [488, 265], [461, 336], [461, 336], 131]
[[429, 109], [195, 3], [248, 143], [351, 415], [507, 388], [324, 495], [511, 149], [511, 149], 161]
[[1, 420], [469, 203], [254, 56], [385, 66], [293, 415], [272, 390], [132, 56], [306, 392], [172, 52], [172, 52], 145]
[[165, 53], [376, 497], [304, 207], [440, 455], [440, 455], 59]
[[289, 117], [255, 340], [144, 26], [67, 300], [358, 314], [509, 353], [509, 353], 52]
[[239, 155], [248, 297], [301, 0], [245, 326], [285, 435], [507, 483], [507, 483], 79]
[[468, 330], [457, 161], [271, 430], [158, 252], [334, 334], [454, 393], [390, 271], [141, 503], [390, 406], [231, 411], [27, 376], [27, 376], 207]
[[338, 241], [138, 101], [452, 458], [379, 373], [379, 373], 237]
[[4, 170], [357, 181], [426, 204], [428, 370], [459, 359], [194, 182], [74, 167], [115, 408], [255, 46], [188, 52], [188, 52], 12]
[[420, 209], [129, 461], [93, 490], [108, 94], [83, 489], [292, 328], [494, 478], [328, 273], [328, 273], 51]
[[17, 372], [423, 502], [5, 313], [5, 313], 190]
[[243, 479], [203, 91], [376, 183], [424, 69], [96, 473], [181, 491], [397, 88], [21, 440], [21, 440], 78]
[[187, 455], [294, 139], [217, 442], [158, 84], [109, 320], [243, 493], [42, 479], [108, 173], [150, 379], [296, 28], [17, 403], [17, 403], 176]
[[300, 358], [439, 319], [231, 272], [242, 502], [316, 293], [203, 489], [265, 364], [310, 294], [310, 294], 181]
[[202, 141], [472, 275], [458, 170], [114, 221], [185, 333], [258, 434], [258, 434], 95]
[[186, 168], [421, 179], [105, 35], [196, 9], [196, 9], 45]
[[85, 186], [367, 463], [285, 417], [409, 58], [168, 208], [165, 352], [86, 20], [386, 325], [386, 325], 44]
[[274, 253], [217, 264], [310, 67], [101, 70], [101, 70], 24]
[[320, 167], [394, 181], [111, 148], [155, 115], [77, 132], [172, 282], [75, 492], [19, 356], [310, 171], [310, 171], 66]
[[438, 169], [251, 455], [422, 235], [422, 235], 222]
[[0, 0], [352, 318], [413, 367], [413, 367], 224]
[[294, 2], [126, 222], [482, 408], [483, 392], [291, 229], [416, 455], [482, 476], [21, 189], [473, 346], [3, 338], [137, 382], [137, 382], 35]
[[124, 489], [79, 170], [24, 164], [220, 173], [215, 370], [347, 206], [133, 416], [357, 97], [27, 77], [54, 33], [54, 33], 0]
[[29, 17], [164, 511], [25, 151], [0, 503], [112, 307], [314, 465], [320, 404], [164, 453], [0, 147], [135, 82], [135, 82], 155]
[[1, 137], [202, 260], [394, 272], [394, 272], 243]
[[65, 288], [92, 331], [337, 339], [22, 21], [470, 439], [242, 346], [169, 206], [25, 107], [25, 107], 224]
[[196, 311], [306, 479], [81, 468], [318, 434], [253, 210], [135, 92], [135, 92], 187]
[[283, 164], [367, 223], [204, 10], [322, 511], [249, 318], [234, 226], [434, 74], [16, 335], [42, 511], [42, 511], 93]
[[282, 231], [281, 303], [481, 281], [183, 148], [310, 346], [310, 346], 197]
[[240, 189], [316, 230], [272, 65], [442, 20], [283, 355], [426, 170], [469, 66], [221, 404], [204, 307], [248, 456], [386, 0], [386, 0], 222]
[[218, 485], [105, 372], [14, 337], [14, 337], 109]
[[13, 243], [493, 316], [427, 136], [95, 362], [95, 362], 237]
[[51, 201], [476, 262], [261, 164], [309, 223], [107, 146], [445, 242], [12, 221], [511, 220], [398, 199], [312, 131], [312, 131], 102]
[[344, 71], [39, 471], [456, 43], [138, 185], [349, 153], [419, 288], [349, 501], [13, 318], [131, 289], [463, 464], [463, 464], 240]
[[468, 367], [31, 15], [95, 111], [216, 405], [338, 473], [353, 284], [271, 347], [249, 251], [173, 317], [111, 13], [111, 13], 222]
[[448, 152], [424, 33], [472, 116], [249, 57], [164, 89], [75, 401], [75, 401], 194]
[[143, 2], [47, 469], [383, 419], [335, 487], [401, 74], [70, 424], [70, 424], 107]
[[464, 480], [402, 154], [324, 216], [335, 190], [335, 190], 158]
[[29, 328], [247, 508], [388, 437], [334, 467], [334, 467], 127]
[[510, 370], [360, 169], [306, 17], [111, 322], [365, 243], [205, 328], [328, 78], [442, 424], [330, 20], [286, 292], [286, 292], 108]
[[5, 36], [375, 465], [242, 157], [66, 389], [34, 96], [203, 214], [357, 325], [357, 325], 69]
[[23, 341], [38, 374], [155, 209], [155, 209], 140]
[[251, 286], [384, 129], [132, 106], [263, 182], [263, 182], 25]
[[417, 228], [189, 444], [411, 322], [411, 322], 136]
[[389, 230], [26, 256], [492, 142], [109, 133], [233, 391], [180, 417], [34, 279], [34, 279], 75]
[[256, 310], [450, 104], [297, 393], [404, 348], [321, 146], [394, 358], [129, 85], [219, 62], [123, 359], [0, 402], [0, 402], 136]
[[511, 345], [209, 108], [24, 313], [418, 88], [237, 423], [278, 155], [249, 260], [249, 260], 76]
[[130, 153], [75, 378], [82, 201], [429, 414], [312, 229], [141, 73], [312, 148], [473, 463], [183, 114], [183, 114], 92]
[[323, 188], [449, 0], [76, 384], [373, 174], [271, 132], [248, 330], [224, 100], [229, 324], [229, 324], 92]
[[165, 258], [269, 85], [326, 136], [436, 78], [223, 97], [76, 24], [118, 137], [389, 232], [415, 300], [129, 107], [129, 107], 117]
[[105, 423], [421, 28], [219, 148], [438, 4], [91, 307], [318, 380], [123, 426], [464, 439], [361, 291], [361, 291], 194]
[[343, 287], [342, 218], [187, 328], [94, 300], [237, 273], [213, 459], [213, 459], 80]
[[121, 430], [451, 407], [226, 315], [317, 219], [279, 470], [372, 125], [479, 147], [479, 147], 95]
[[195, 354], [417, 427], [230, 229], [130, 373], [160, 81], [39, 433], [39, 433], 191]
[[76, 110], [205, 94], [221, 269], [16, 209], [236, 410], [144, 457], [424, 280], [398, 396], [398, 396], 75]
[[436, 192], [197, 186], [163, 474], [507, 40], [214, 431], [217, 67], [224, 345], [376, 168], [376, 168], 124]
[[366, 345], [455, 150], [398, 224], [398, 224], 60]
[[349, 353], [197, 192], [365, 333], [126, 91], [6, 492], [262, 430], [53, 348], [239, 61], [239, 61], 62]
[[241, 415], [280, 491], [116, 184], [188, 471], [188, 471], 192]
[[68, 440], [227, 33], [90, 81], [216, 235], [344, 372], [1, 45], [229, 472], [171, 409], [300, 55], [300, 55], 142]
[[134, 503], [224, 466], [269, 385], [269, 385], 45]
[[241, 460], [498, 196], [349, 348], [177, 70], [455, 196], [407, 282], [239, 3], [239, 3], 10]
[[222, 260], [426, 96], [342, 161], [60, 340], [127, 158], [348, 409], [166, 124], [166, 124], 215]
[[348, 147], [372, 14], [269, 302], [295, 495], [375, 394], [291, 231], [219, 176], [86, 40], [296, 327], [10, 457], [105, 454], [105, 454], 0]
[[276, 73], [358, 483], [399, 264], [359, 212], [412, 119], [373, 398], [373, 398], 145]
[[282, 502], [109, 92], [12, 169], [12, 169], 137]
[[435, 378], [147, 389], [420, 296], [313, 338], [65, 64], [436, 377], [278, 128], [425, 449], [429, 91], [131, 166], [131, 166], 51]
[[373, 65], [245, 233], [329, 126], [401, 259], [432, 18], [432, 18], 252]
[[285, 278], [85, 250], [466, 477], [466, 477], 164]
[[399, 109], [38, 13], [320, 329], [19, 229], [320, 377], [320, 377], 166]
[[78, 382], [173, 398], [6, 268], [503, 511], [362, 508], [333, 130], [400, 88], [81, 445], [188, 337], [288, 301], [263, 394], [263, 394], 136]
[[127, 483], [440, 136], [491, 166], [477, 434], [454, 161], [168, 54], [387, 82], [360, 110], [228, 450], [83, 287], [83, 287], 144]
[[13, 30], [213, 344], [14, 164], [270, 351], [58, 75], [58, 75], 90]
[[237, 38], [86, 227], [288, 474], [34, 318], [417, 32], [417, 32], 142]
[[501, 451], [343, 511], [381, 172], [127, 259], [202, 284], [220, 110], [3, 410], [264, 420], [288, 142], [308, 147], [308, 147], 65]
[[255, 351], [149, 115], [284, 19], [51, 376], [370, 444], [98, 158], [500, 341], [49, 232], [418, 230], [77, 260], [456, 295], [456, 295], 149]
[[448, 30], [215, 101], [343, 325], [49, 0], [347, 271], [489, 293], [116, 165], [116, 165], 0]
[[182, 180], [462, 29], [36, 158], [366, 384], [87, 471], [133, 284], [73, 250], [254, 490], [254, 490], 176]
[[79, 383], [113, 490], [7, 342], [177, 382], [383, 71], [432, 138], [23, 183], [320, 248], [287, 125], [287, 125], 178]
[[414, 369], [282, 506], [241, 402], [237, 116], [52, 338], [52, 338], 106]
[[286, 163], [294, 269], [360, 70], [360, 70], 71]
[[69, 203], [271, 107], [352, 96], [121, 45], [303, 274], [339, 15], [336, 100], [17, 146], [17, 146], 139]
[[27, 109], [172, 83], [366, 386], [183, 418], [24, 69], [137, 223], [78, 75], [489, 429], [511, 325], [391, 6], [391, 6], 94]
[[500, 370], [185, 511], [273, 243], [314, 333], [265, 411], [135, 224], [211, 274], [2, 454], [190, 410], [190, 410], 94]
