21352393
21461687
21296310
21270547
21641717
21444035
21457829
21710109
21687257
21701527
21604331
21676485
21752672
21823682
21824522
22051370
21986190
21887302
21805328
21818878
22180705
22206453
22387138
22561782
22501953
22498197
22496700
22039695
22326377
21997921
21812285
21887441
21753490
21594925
21650556
21970289
21740193
21801552
21802684
21948971
22039379
22029017
22020315
21994434
22018053
22308011
22423223
22222486
22355634
22376978
22500814
22696547
22588911
22738776
22654975
22604145
22166009
22400209
22898501
22715923
22712705
22858839
22944389
22867365
22844564
22773528
22437118
22276126
22136802
22149723
22258630
22086023
22537392
22551509
22507181
22499612
22624961
22769501
22351160
22408006
22238791
22051918
21933644
21743858
21661971
21738900
21984735
22014125
21723595
21853696
21856256
21862867
21821479
21683429
21278081
21334344
21705298
21825450
21997082
21982255
22448417
22547984
22530306
22881767
22759441
22772355
22326545
22033261
22168865
22420575
22231253
22215549
21864363
21366887
22032066
22168973
22000666
22152775
22331950
22472864
22542095
22712462
22960892
23330264
22807974
22776930
23095438
22964205
22625237
22879727
22940742
23285622
23437934
23076530
23260821
23322234
23015429
23166160
22832827
22831396
22950283
22936955
22986412
22862094
22810887
23083665
23200043
23373432
23268429
23379764
23255612
23252461
23077999
23122210
23048940
23046449
23177742
23230633
23127889
23108736
23489942
23239519
23325601
23251959
23305256
23225684
23245669
23363769
23338926
23223897
23456205
23300687
23395098
23323959
23343010
23167823
23101882
23166012
23304185
23128585
23106567
23333123
23485600
23552620
23796155
23611974
23792556
23798831
24025457
24188320
24121403
24396806
24427710
24867824
24902504
24978669
25004170
25132878
24951309
24847398
24723400
24374710
24787220
24770877
24706305
24790450
24672170
24458972
24160937
24273865
24368812
24704814
24552371
24549434
24436185
24319926
24154583
23352935
22855540
23352464
23011363
23196044
23399836
23707554
23800577
24207291
24313999
24373894
23947262
23739535
24004808
24185313
24222630
24228262
24117404
24233814
23981582
24012487
23950813
23578485
23532663
23473002
23654792
23867455
23410890
23368310
23531888
24133886
24075096
23980266
24208313
23993814
24143657
24223027
23810980
23799536
23649548
24043908
23858766
24007075
23996561
23851221
23790575
23608755
23510860
23613834
23669498
23860292
24242986
24312907
24500431
24797142
24607269
24744698
24637490
24757957
24664164
24724466
24585822
24659430
24737809
24682881
24666219
24535176
24452253
24395190
24409591
24486890
24328513
24242131
24124344
24353842
24122913
24031900
24157425
23645429
24102172
24109748
24080040
24038235
24277496
23996542
24374213
24337794
24408122
24499725
24682780
24502001
24427728
24498829
24586121
24544238
24752677
24466769
24335376
24161005
24184609
24410257
24380495
24329974
24102792
23757829
23854300
23900935
23994187
24248956
24226634
24351318
24538695
24690343
24774792
25145381
25067369
25160491
25079745
25321194
25382336
25183876
25109586
25758484
25953661
26270501
26360570
26404500
26695235
26834710
26694772
26667607
26449418
26507942
26543013
26543991
26401507
26236764
26357722
26293046
26249652
26625114
26665236
26803760
27183060
27232571
26857745
26813066
26882658
26791692
26752001
26609013
26331307
26262472
26187227
26521321
26754787
26901015
26593387
26685128
26697545
26687527
26638799
26656625
26672487
26556890
26710527
26767107
26744895
26811492
26849231
26893359
26943342
27206255
27090909
27178985
27035885
26570575
26534881
26363785
26395844
26098337
26023237
26062328
26541048
26542353
26739944
26749526
26756895
26569419
26633910
26702265
26753841
26816710
26719467
26960977
26969220
27157680
27172223
27123281
27144800
27100960
26941408
27072827
27071617
27270781
27171712
27203930
27140679
27100611
27184375
27152554
26984649
27035440
26987856
27092339
27222518
27185842
27293044
27429095
27143421
27149873
27081957
26853865
26906875
26936889
26986181
26936084
27141257
27042066
27070458
26961961
27074014
27008961
26964067
27059605
26898889
27007005
27119285
27209671
27065480
26807977
26857010
26869464
26906950
26856838
26890116
27029458
27059809
27042879
27224830
27200349
27197240
27196683
27022541
27100385
27244317
27158094
27169574
27145488
27131427
27157546
27229084
27191298
27247125
27220573
27260116
27399366
27375451
27210366
27098458
27153216
27241812
27316988
27201822
27206607
27263479
27125402
27177990
27258308
27241669
27284485
27366778
27391556
27276744
27141077
27331264
27308518
27248997
27083070
26985087
26883102
27010100
27060937
27069840
27064726
26890026
26921458
26768434
26816872
26649491
26584321
26865587
27007896
26950281
27080963
27121759
27066163
27103579
27080222
27124555
27158542
27073432
27055665
27132511
27059135
27137304
26935663
26915607
27009263
27179134
27033264
27166370
27162387
27098872
27200109
27118563
27225348
27356956
27304949
27358603
27436117
27406976
27404085
27372211
27371626
27314920
27214704
27248348
27279424
27329736
27224045
27301110
27219204
27168619
27182312
27139763
27126140
27138069
27084205
27104959
26794581
26664913
26744871
26788403
26750505
26814034
26888026
26889725
26905645
26858281
26934935
26939004
27017809
27230852
26956904
27145845
27177332
27260352
27185893
27251659
27391113
27476042
27475076
27596487
27647451
27541640
27486644
27556347
27633790
27592348
27647273
27697768
27442632
27514262
27330815
27408413
27347781
27359703
27175481
26885829
26951222
27031300
27058877
27145012
27183013
27188563
27337702
27277799
27310238
27404597
27333163
27357250
27324467
27299603
27341489
27377983
27010270
27129401
26995233
27071109
27154594
27078046
27077346
27103811
27036429
27005582
27179852
27374037
27240183
27404938
27174779
27138372
26974858
26924934
26844912
26879940
27027333
27080059
27036564
27153033
27218317
27064062
27023811
26947689
26995629
26979419
27164440
27316864
27279289
27228947
27294457
27301091
27275278
27369296
27312920
27365794
27474491
27319318
27363689
27443294
27493020
27418470
27431509
27166075
27302402
27231666
27359642
27547544
27600955
27609302
27520005
27546987
27467934
27487289
27537917
27564172
27476928
27550263
27515257
27594602
27747551
27763780
27697977
27746441
27699880
27559664
27547080
27491917
27552198
27407605
27374734
27318353
27380530
27516094
27433031
27282987
27012502
26997168
27049285
27075332
27061086
27120396
27093588
27021304
27036440
26995876
27236682
27332920
27421746
27154116
27124022
27161456
27084754
27106912
27314533
27393365
27448585
27464864
27576649
27554711
27569055
27626713
27641582
27716731
27698132
27641288
27658726
27464348
27618487
27693101
27689569
27725430
27612620
27519262
27300836
27380008
27546987
27471655
27403795
27462695
27453910
27367963
27352439
27357107
27477156
27457508
27421792
27178612
27159515
27001014
26854652
26775842
26881800
26885477
26910706
27053211
27009809
26972414
26996463
27092185
27076700
26925787
27085479
27150970
27118105
27017500
26995065
26883455
26862712
27052159
26971045
26794581
26921389
26957382
26873436
26916965
26954299
26826370
26876531
26837071
26836930
26799787
26734384
26797250
26926767
27020995
27099947
26954916
26941365
27082922
27109349
27167306
27155352
26997992
27131497
27086745
26984600
27085402
27037301
27080434
27302771
27186771
27136689
27204821
27222861
27278060
27152572
27040241
27074946
27025790
26935114
27105604
27194670
27322101
27405157
27378733
27339454
27361715
27362412
27140678
27134578
27144061
27065353
27018411
26950332
27194076
27122402
26965945
26944147
27062187
27122410
27157870
27082393
27078217
26997341
27089995
27067064
27224210
27138598
27259961
27105443
27117218
27143744
27200251
27155495
27067859
27052155
27089730
27166298
27129345
27084922
27120297
27060467
27222036
27047214
27000800
26940618
26884666
26969940
26900384
27109193
27290376
27344092
27317119
27396672
27321355
27249154
27189698
27152201
26983097
27127866
27174736
27094094
27040924
27108075
27244882
27274574
27275327
27231036
27015743
26943300
26878952
27055146
26999073
27016089
26880799
26954622
18913730
18564740
18844936
18780974
18606486
18775239
19052372
18998924
19175138
19274741
18920732
19192723
19253489
19073232
19110807
19317925
18912743
19049184
19209267
19014618
19253021
18892675
19018943
18998161
19181641
19441484
19366452
19599659
19442460
20057310
19650499
19748917
20157874
20138367
20297568
20512193
20199822
20245385
20700275
20554197
20956096
20308328
20101581
20024312
20051583
19688714
19894964
21265306
20972361
21282402
21089446
21105736
21080387
21045455
21407238
21548673
21375865
22002786
22263646
22297140
22549199
22565992
22390780
22504512
22734153
22463708
22451668
22765089
22699221
22501466
22926024
23321265
23390131
23505655
22825104
22924295
23182455
23312836
24122367
24413663
24787366
25208425
25374856
25907303
25941515
25498081
25517498
25632732
25705334
25726630
25819659
25618524
25898021
26230607
26103408
26130890
26212882
26306830
26654394
26335970
26372023
26523931
26390655
26835603
26971382
27131509
27052237
26932668
26895231
26849729
26678449
26738349
27154479
26883603
26597186
26241226
26796088
26403247
26141135
26217976
26167468
26271481
25800606
25321091
25599942
25609830
20572953
20854107
21006019
20929262
21346943
20915742
20044974
19784495
20292000
20567747
20945377
20718243
20407959
20864788
20272439
20502913
20944817
20730224
20470490
20724611
21172731
20857496
21215497
22589573
22802062
22174003
21925950
21668095
21205418
21927289
21748626
22264603
24076180
23709041
23457071
23374012
22587920
23515922
23120477
23161373
22616057
22141605
21973399
22771625
22425836
23147854
22916633
22745328
22966953
23645613
23808710
23911777
23679453
23198509
23058630
23103633
23035850
23202290
22973543
22515601
22313675
22405331
22207089
22013969
21791532
22023156
22358961
22386276
22710866
22635012
22841120
23152749
22821056
22973172
22863244
22996896
23029496
22924994
23480549
23528191
23748838
23354964
23525810
23448472
23462404
23236674
23596272
24215409
23692528
23475995
23888713
23402515
23046481
23459936
23766391
23735195
23619056
23963030
23641309
23643841
23434850
23422773
23571433
23539401
23380898
23828140
23982277
23536788
23412514
23199881
23822462
23689474
23618976
24251381
24122970
24382581
24066952
24622872
24418916
24720417
24478764
24901871
24743740
24782274
24879665
25164848
25435850
25881048
26041511
26090350
26044234
26301707
26333693
26395302
26475410
26703613
26339164
26523087
26831109
26947157
26771362
25674436
25593030
18950891
19172338
18810921
19285897
19213733
19372079
19536389
19449717
19222609
19376548
19322012
19430630
19231608
18907999
19097368
18814411
18968396
19197701
18932031
19020060
19430718
19391695
19767898
19521421
19689152
19355613
19352554
19829983
19721066
19470583
19602861
19720524
19503507
19225337
19145494
19166270
19511853
19840723
19799645
19486632
19197976
19411303
19438108
19612512
19626294
19777044
19425923
19670248
20144076
19926112
19855144
19387464
19486181
19676398
19590965
19618888
20072863
20497833
20876828
21792001
22007784
22564334
20802166
20713760
20975357
20871890
20751888
20563422
20706094
20166526
20151593
20133389
20003495
20232034
20036730
20216311
20153113
19896264
19956684
19872197
19335076
19307513
19397490
22840619
23377352
23236120
22566873
22650730
21956443
21482708
22655932
23570111
23911476
23942588
24287967
24359246
23833349
23598581
24661392
23982501
24095570
23553752
22943066
22942109
23315577
23165913
23364715
23567252
24413718
23716392
24267105
24003767
24261139
19433547
19334160
19272610
19173202
19127961
19013458
18961643
18944707
18879059
18632618
18517709
18441475
18265121
18174061
18119679
17978691
17924940
17838613
17728951
17647998
17554911
17469901
17432423
17391880
17383478
17337701
17214524
17075782
17033430
16991256
16957907
16957907
16957493
16920978
16789207
16722818
16636013
16566514
16536858
16450411
16385863
16385645
16280629
16246597
16215528
16191811
16116005
16086373
16061936
16035150
16029773
15953999
15914641
15868593
15854578
15805168
15798974
15787063
15690819
15630678
15558695
15516643
15515161
15479785
15464531
15422590
15422590
15401120
15373442
15373442
15373442
15353803
15314952
15314952
15314952
15283078
15283078
15265549
15236727
15210068
15191200
15191200
15191200
15184776
15184776
15184776
15156142
15116828
15099300
15093893
15086300
15086129
15075705
15068413
15051862
15044245
15035097
15035097
15031820
15031820
15017306
15017306
14993426
14981574
14955345
14944286
14942888
14937990
14937990
14884535
14884535
14862500
14813859
14802316
14802316
35300731
35033857
34665109
34215081
33968284
33780242
33508205
33211820
33024203
32795547
32615040
36181029
36013197
35854151
35688497
35349757
35068966
34730303
34127632
33690139
33314670
32929891
32469384
32303081
31981590
31873491
31773578
31675605
31370571
31276171
30926976
30663619
30588451
30198950
30028291
29937450
29784502
29486342
29281926
29002472
28912058
28784038
28631812
28278261
28118682
28029541
27922994
27824802
27702301
27702301
27624781
27553775
27550278
27494960
27459499
27369170
27323105
27211678
27121180
27060865
27046341
26987888
26919739
26800883
26676414
26601396
26546295
26485807
26432926
26357181
26280646
26271411
26261612
26217383
26109091
26062356
25989566
25986234
25845387
25829384
25797174
25782200
25782200
25782200
25770825
25708269
25621802
25557668
25528041
25408153
25378669
25279312
25235971
25214694
25178580
25118186
25085096
25064099
25056908
25011160
24961730
24899942
24879473
24826929
24762146
24709910
24706479
24660300
24653598
24636557
24614299
24602084
24602084
24518190
24492651
24444143
24412935
24363873
24361093
