
1
13545262 
2
13760064 
3
13350706 
4
13500430 
5
13470782 
6
13487272 
7
13299383 
8
13259602 
9
13018721 
10
13175800 
11
13146389 
12
13029932 
13
13004272 
14
12352919 
15
12384222 
16
12368456 
17
12311323 
18
12200232 
19
12302866 
20
12466996 
21
12668647 
22
12864961 
23
12924622 
24
12976984 
25
13049223 
26
12906265 
27
12912411 
28
12765397 
29
12871534 
30
13183509 
31
13275222 
32
13041692 
33
13194274 
34
13074429 
35
12813464 
36
12572841 
37
12639889 
38
12561885 
39
12710200 
40
12813019 
41
12849424 
42
13112478 
43
13101749 
44
13068911 
45
13362566 
46
13308812 
47
13281238 
48
13375323 
49
13590615 
50
13360985 
51
13619733 
52
13686761 
53
13921811 
54
13961111 
55
13882472 
56
13794007 
57
13625107 
58
13305864 
59
13393436 
60
13222644 
61
13259709 
62
13026108 
63
13118853 
64
12876783 
65
12855740 
66
12926754 
67
13060951 
68
12872522 
69
12646512 
70
12905305 
71
13092655 
72
13064030 
73
12977209 
74
12866092 
75
12925128 
76
13136878 
77
13098058 
78
13126689 
79
13157570 
80
13272585 
81
13041696 
82
13104071 
83
13008223 
84
13188944 
85
13153031 
86
12985930 
87
12878283 
88
12861599 
89
12724566 
90
12876451 
91
13144886 
92
12920976 
93
12992306 
94
13226813 
95
13583510 
96
13608746 
97
13710308 
98
14019937 
99
14150618 
100
14502911 
101
14435743 
102
14317860 
103
13897596 
104
13869041 
105
13707837 
106
13699456 
107
13701008 
108
13721715 
109
13551931 
110
13483993 
111
13481071 
112
13648725 
113
13665330 
114
13684188 
115
13550179 
116
13637807 
117
13662019 
118
13719175 
119
13792638 
120
13751662 
121
13975934 
122
13916415 
123
13887143 
124
13944450 
125
14251871 
126
14245641 
127
14198782 
128
14376693 
129
14177708 
130
14084888 
131
14190470 
132
14222732 
133
14366316 
134
14642857 
135
14512863 
136
14368332 
137
14048074 
138
14155249 
139
13821537 
140
13629251 
141
13737752 
142
13628635 
143
13957129 
144
14121512 
145
14130884 
146
13991042 
147
13886429 
148
13716702 
149
13815185 
150
13524031 
151
13436938 
152
13354550 
153
13568620 
154
14006002 
155
13999570 
156
14025738 
157
13842021 
158
13756744 
159
13713867 
160
13704676 
161
13852870 
162
14142732 
163
14115313 
164
13966424 
165
14077563 
166
14152624 
167
13998994 
168
13954974 
169
13801607 
170
13799486 
171
13898546 
172
13792451 
173
13554809 
174
13374224 
175
13457873 
176
13681020 
177
13481706 
178
13138717 
179
13280755 
180
13089092 
181
13292364 
182
13369759 
183
13436931 
184
13524129 
185
13649603 
186
13684183 
187
13649274 
188
13600934 
189
13647800 
190
13688909 
191
13575359 
192
13497932 
193
13588782 
194
13480214 
195
13444422 
196
13533569 
197
13479341 
198
13412925 
199
13427924 
200
13427834 
201
13404051 
202
13490797 
203
13720079 
204
13564374 
205
13568750 
206
13578349 
207
13568038 
208
13661551 
209
13596317 
210
13491191 
211
13378540 
212
13414783 
213
13193049 
214
13533283 
215
13525493 
216
13661196 
217
13486857 
218
13388011 
219
13350786 
220
13356197 
221
13273345 
222
13182934 
223
13344770 
224
13217796 
225
13129497 
226
13206960 
227
12982971 
228
13067787 
229
13012982 
230
12985570 
231
12865765 
232
12838965 
233
12937919 
234
12865121 
235
12929561 
236
12873935 
237
12652557 
238
12664732 
239
12608470 
240
12745253 
241
12726450 
242
12787001 
243
12799310 
244
12734126 
245
12702040 
246
12782413 
247
12850842 
248
12838716 
249
12734849 
250
12604134 
251
12680645 
252
12643653 
253
12647191 
254
12627306 
255
12607180 
256
12541740 
257
12534199 
258
12462903 
259
12453655 
260
12362164 
261
12345891 
262
12174880 
263
12207801 
264
12175362 
265
12216203 
266
12273981 
267
12205226 
268
12141503 
269
12121208 
270
12113365 
271
12028992 
272
11959815 
273
12128110 
274
12179123 
275
12211181 
276
12236483 
277
11939015 
278
11903877 
279
11916164 
280
12009390 
281
12019268 
282
11988369 
283
11964323 
284
11974872 
285
11936428 
286
11961195 
287
12009068 
288
12056850 
289
12036378 
290
12031095 
291
12015826 
292
12043722 
293
11988269 
294
11989389 
295
12009005 
296
11976585 
297
12033965 
298
12054189 
299
12026757 
300
12006827 
301
12031913 
302
12061690 
303
12047396 
304
12100271 
305
12101605 
306
12089279 
307
12172116 
308
12135448 
309
12122434 
310
11958786 
311
11981456 
312
12023508 
313
12168749 
314
12186288 
315
12158756 
316
12145399 
317
12152223 
318
12186932 
319
12276161 
320
12277323 
321
12380664 
322
12587827 
323
12541255 
324
12373657 
325
12443927 
326
12317529 
327
12387688 
328
12508770 
329
12438029 
330
12481994 
331
12593125 
332
12575179 
333
12522844 
334
12606034 
335
12580512 
336
12477037 
337
12493136 
338
12362078 
339
12394048 
340
12451406 
341
12484162 
342
12436088 
343
12319304 
344
12316082 
345
12274125 
346
12251270 
347
12343324 
348
12283285 
349
12325583 
350
12330883 
351
12314342 
352
12357958 
353
12442573 
354
12509086 
355
12535923 
356
12524364 
357
12451689 
358
12480057 
359
12516584 
360
12512704 
361
12499310 
362
12561233 
363
12488015 
364
12442737 
365
12437652 
366
12472934 
367
12510911 
368
12560609 
369
12634402 
370
12683093 
371
12806401 
372
12809094 
373
12789935 
374
12940857 
375
12914378 
376
12920762 
377
12905160 
378
12913443 
379
12906944 
380
13007474 
381
12931194 
382
12979718 
383
13072861 
384
13042105 
385
13125672 
386
13110238 
387
13067578 
388
13047426 
389
12926074 
390
12951592 
391
12881055 
392
12929390 
393
12796809 
394
12883642 
395
12826958 
396
12919511 
397
12804066 
398
12851019 
399
12901240 
400
12935820 
401
12974164 
402
12987826 
403
13022292 
404
13108623 
405
13149813 
406
13224631 
407
13270245 
408
13238873 
409
13078284 
410
13044974 
411
13125614 
412
13108646 
413
13060093 
414
13031398 
415
13013119 
416
13062609 
417
13120917 
418
13056980 
419
13212466 
420
13176116 
421
13115459 
422
13174023 
423
13185612 
424
13097878 
425
13037326 
426
13048878 
427
13134430 
428
13008907 
429
13007928 
430
12989193 
431
13008987 
432
13080141 
433
13195605 
434
13186147 
435
13227745 
436
13002588 
437
12896327 
438
12994420 
439
13004296 
440
12992966 
441
13006147 
442
13077416 
443
13129021 
444
13127468 
445
13112605 
446
13146999 
447
13130394 
448
13132484 
449
13054970 
450
13049084 
451
13038159 
452
12999937 
453
13019534 
454
13022411 
455
12975173 
456
12996291 
457
12884261 
458
12869956 
459
12897828 
460
12860197 
461
12976128 
462
12875053 
463
12881863 
464
12856600 
465
12927242 
466
12907240 
467
12905373 
468
12834457 
469
12799176 
470
12848077 
471
12928686 
472
12942897 
473
12941368 
474
12895166 
475
12913203 
476
12819731 
477
12782415 
478
12795708 
479
12743451 
480
12774410 
481
12760917 
482
12758121 
483
12734717 
484
12698613 
485
12796646 
486
12780563 
487
12869785 
488
12791149 
489
12728566 
490
12711697 
491
12683471 
492
12607883 
493
12635943 
494
12597380 
495
12627967 
496
12646964 
497
12657996 
498
12672565 
499
12702989 
500
12632097 
501
12614085 
502
12600291 
503
12622911 
504
12576372 
505
12531964 
506
12573238 
507
12617669 
508
12531621 
509
12568645 
510
12539117 
511
12590245 
512
12514996 
513
12469100 
514
12455825 
515
12461842 
516
12466136 
517
12444973 
518
12484390 
519
12475956 